time,open,close,high,low,volume
2026-04-12 20:45:00,14750.0,14740.0,14780.0,14740.0,143.99149178
2026-04-12 20:50:00,14770.0,14790.0,14790.0,14770.0,99.12498184
2026-04-12 20:55:00,14750.0,14810.0,14810.0,14710.0,301.09154287
2026-04-12 21:00:00,14820.0,14840.0,14880.0,14800.0,258.52216337
2026-04-12 21:05:00,14850.0,14740.0,14850.0,14740.0,342.16214542
2026-04-12 21:10:00,14740.0,14710.0,14740.0,14710.0,458.46988292
2026-04-12 21:15:00,14710.0,14750.0,14790.0,14710.0,243.29005962
2026-04-12 21:20:00,14800.0,14840.0,14850.0,14800.0,57.92064243
2026-04-12 21:25:00,14850.0,14860.0,14860.0,14850.0,1.98489089
2026-04-12 21:30:00,14840.0,14860.0,14860.0,14830.0,325.39305313
2026-04-12 21:35:00,14820.0,14850.0,14850.0,14820.0,4.273944
2026-04-12 21:40:00,14780.0,14800.0,14800.0,14740.0,250.75140893
2026-04-12 21:45:00,14800.0,14830.0,14850.0,14800.0,10.40936408
2026-04-12 21:50:00,14840.0,14860.0,14860.0,14840.0,193.28905826
2026-04-12 21:55:00,14880.0,14850.0,14880.0,14850.0,205.04354919
2026-04-12 22:00:00,14850.0,14890.0,14890.0,14850.0,326.42505732
2026-04-12 22:05:00,14900.0,14900.0,14900.0,14900.0,3.294451053691275
2026-04-12 22:10:00,14870.0,14840.0,14880.0,14840.0,7.939537
2026-04-12 22:15:00,14800.0,14800.0,14810.0,14800.0,271.72898919
2026-04-12 22:20:00,14750.0,14760.0,14760.0,14730.0,44.09551377
2026-04-12 22:25:00,14690.0,14700.0,14710.0,14690.0,258.72111977
2026-04-12 22:35:00,14680.0,14680.0,14680.0,14680.0,219.33008079
2026-04-12 22:40:00,14730.0,14730.0,14730.0,14730.0,1.1881194840461642
2026-04-12 22:45:00,14710.0,14670.0,14710.0,14670.0,33.59746791
2026-04-12 22:55:00,14700.0,14700.0,14700.0,14700.0,27.48883739
2026-04-12 23:00:00,14690.0,14640.0,14690.0,14640.0,261.21378563
2026-04-12 23:05:00,14640.0,14720.0,14740.0,14640.0,73.30578324
2026-04-12 23:10:00,14710.0,14680.0,14710.0,14680.0,76.25273439
2026-04-12 23:15:00,14700.0,14710.0,14730.0,14700.0,50.44267623258656
2026-04-12 23:20:00,14720.0,14730.0,14730.0,14720.0,77.276698
2026-04-12 23:25:00,14760.0,14780.0,14790.0,14750.0,240.49132559912104
2026-04-12 23:30:00,14770.0,14760.0,14770.0,14730.0,110.33051138
2026-04-12 23:35:00,14740.0,14610.0,14740.0,14610.0,69.32068543
2026-04-12 23:40:00,14600.0,14600.0,14610.0,14590.0,61.13388993
2026-04-12 23:45:00,14570.0,14570.0,14570.0,14570.0,10.87611231
2026-04-12 23:50:00,14590.0,14630.0,14630.0,14590.0,267.742949
2026-04-12 23:55:00,14640.0,14610.0,14640.0,14610.0,1.45960076
2026-04-13 00:00:00,14600.0,14580.0,14600.0,14580.0,2.958684
2026-04-13 00:05:00,14610.0,14540.0,14640.0,14540.0,345.188585
2026-04-13 00:10:00,14540.0,14530.0,14540.0,14530.0,101.37136996
2026-04-13 00:15:00,14530.0,14500.0,14530.0,14490.0,273.43383394
2026-04-13 00:25:00,14530.0,14520.0,14530.0,14520.0,4.2441678
2026-04-13 00:30:00,14570.0,14570.0,14570.0,14570.0,5.707859
2026-04-13 00:35:00,14570.0,14570.0,14570.0,14570.0,5.707859
2026-04-13 00:40:00,14670.0,14690.0,14690.0,14670.0,70.86246723
2026-04-13 00:45:00,14720.0,14760.0,14770.0,14720.0,1077.36244726
2026-04-13 00:50:00,14730.0,14770.0,14770.0,14700.0,60.03997584
2026-04-13 00:55:00,14740.0,14780.0,14780.0,14740.0,64.00405572
2026-04-13 01:00:00,14800.0,14700.0,14820.0,14700.0,70.73702163
2026-04-13 01:05:00,14740.0,14550.0,14760.0,14550.0,704.72543195
2026-04-13 01:10:00,14520.0,14520.0,14520.0,14510.0,970.45508336
2026-04-13 01:15:00,14480.0,14440.0,14480.0,14440.0,25.9101097
2026-04-13 01:20:00,14480.0,14480.0,14480.0,14440.0,43.82006596
2026-04-13 01:25:00,14490.0,14480.0,14490.0,14480.0,50.96858934
2026-04-13 01:30:00,14520.0,14540.0,14540.0,14520.0,7.5068732
2026-04-13 01:35:00,14460.0,14500.0,14500.0,14460.0,52.88991229
2026-04-13 01:40:00,14500.0,14420.0,14560.0,14420.0,128.11725355
2026-04-13 01:55:00,14480.0,14490.0,14490.0,14480.0,3.46741
2026-04-13 02:00:00,14490.0,14490.0,14490.0,14490.0,33.13675782
2026-04-13 02:05:00,14400.0,14390.0,14400.0,14390.0,301.4404743
2026-04-13 02:10:00,14340.0,14340.0,14340.0,14340.0,375.29366041
2026-04-13 02:15:00,14410.0,14410.0,14410.0,14410.0,10.41999442
2026-04-13 02:20:00,14430.0,14500.0,14510.0,14430.0,44.887589
2026-04-13 02:25:00,14470.0,14470.0,14510.0,14470.0,158.4004208
2026-04-13 02:30:00,14520.0,14520.0,14520.0,14520.0,10.12305599
2026-04-13 02:40:00,14480.0,14480.0,14480.0,14480.0,110.0482
2026-04-13 02:45:00,14440.0,14440.0,14440.0,14440.0,17.57572826
2026-04-13 02:50:00,14390.0,14370.0,14420.0,14370.0,44.10520669
2026-04-13 02:55:00,14410.0,14410.0,14410.0,14410.0,1.188119
2026-04-13 03:05:00,14450.0,14450.0,14450.0,14450.0,0.34602077
2026-04-13 03:10:00,14480.0,14480.0,14480.0,14480.0,267.88356931
2026-04-13 03:15:00,14480.0,14480.0,14480.0,14480.0,33.13675782
2026-04-13 03:30:00,14560.0,14560.0,14560.0,14560.0,0.3434066
2026-04-13 03:35:00,14590.0,14590.0,14590.0,14590.0,96.3043217
2026-04-13 03:40:00,14610.0,14610.0,14610.0,14610.0,0.57116
2026-04-13 04:00:00,14570.0,14600.0,14600.0,14570.0,30.9056847
2026-04-13 04:10:00,14620.0,14620.0,14620.0,14620.0,38.77722298221615
2026-04-13 04:50:00,14530.0,14530.0,14530.0,14530.0,1.3764625
2026-04-13 05:30:00,14660.0,14660.0,14660.0,14660.0,17.05320601
2026-04-13 05:35:00,14670.0,14670.0,14670.0,14670.0,7.67106588
2026-04-13 05:50:00,14690.0,14690.0,14690.0,14690.0,2.815809
2026-04-13 05:55:00,14690.0,14690.0,14690.0,14690.0,41.61420818
2026-04-13 06:30:00,14630.0,14640.0,14640.0,14600.0,16.67049175
2026-04-13 06:45:00,14640.0,14640.0,14640.0,14640.0,0.34965035
2026-04-13 06:55:00,14550.0,14560.0,14560.0,14550.0,179.54511749
2026-04-13 07:00:00,14530.0,14530.0,14530.0,14530.0,3.908337
2026-04-13 07:05:00,14580.0,14580.0,14580.0,14580.0,0.34293553
2026-04-13 07:10:00,14600.0,14600.0,14600.0,14600.0,1.358632
2026-04-13 07:15:00,14620.0,14670.0,14670.0,14620.0,70.127153
2026-04-13 07:25:00,14710.0,14740.0,14740.0,14710.0,41.74034315
2026-04-13 07:40:00,14790.0,14790.0,14790.0,14790.0,3.73806627
2026-04-13 07:45:00,14790.0,14790.0,14820.0,14790.0,33.02066582
2026-04-13 07:50:00,14760.0,14730.0,14760.0,14730.0,44.71656209
2026-04-13 07:55:00,14710.0,14710.0,14710.0,14710.0,1.0173
2026-04-13 08:00:00,14790.0,14790.0,14790.0,14790.0,1.871355
2026-04-13 08:05:00,14820.0,14780.0,14820.0,14780.0,44.26798431
2026-04-13 08:10:00,14760.0,14810.0,14810.0,14760.0,26.86206160797434
2026-04-13 08:15:00,14730.0,14730.0,14730.0,14730.0,31.36991194
2026-04-13 08:20:00,14710.0,14710.0,14710.0,14710.0,13.20941713
2026-04-13 08:25:00,14710.0,14740.0,14740.0,14710.0,34.07359489
2026-04-13 08:30:00,14750.0,14780.0,14780.0,14750.0,2.12428345
2026-04-13 08:35:00,14720.0,14700.0,14720.0,14700.0,39.38718347
2026-04-13 08:50:00,14700.0,14770.0,14770.0,14700.0,62.650128190649966
2026-04-13 08:55:00,14750.0,14760.0,14760.0,14750.0,5.12384384
2026-04-13 09:00:00,14800.0,14790.0,14800.0,14790.0,93.61820937
2026-04-13 09:05:00,14780.0,14780.0,14780.0,14780.0,23.6674
2026-04-13 09:10:00,14810.0,14820.0,14830.0,14790.0,119.00174103
2026-04-13 09:15:00,14930.0,14970.0,15000.0,14930.0,303.46312929
2026-04-13 09:20:00,15040.0,15150.0,15150.0,15040.0,101.19805251
2026-04-13 09:25:00,15120.0,15110.0,15180.0,15110.0,652.17241973
2026-04-13 09:30:00,15070.0,15020.0,15070.0,14990.0,146.35026687
2026-04-13 09:35:00,15000.0,15000.0,15000.0,15000.0,44.92146299
2026-04-13 09:40:00,15010.0,14970.0,15010.0,14970.0,9.336650183211193
2026-04-13 09:45:00,14960.0,15020.0,15020.0,14960.0,85.384783
2026-04-13 09:50:00,15000.0,15000.0,15000.0,15000.0,20.0
2026-04-13 09:55:00,15020.0,15020.0,15020.0,15020.0,38.67234177
2026-04-13 10:00:00,15000.0,15120.0,15120.0,14990.0,208.47124522
2026-04-13 10:05:00,15010.0,14910.0,15010.0,14870.0,539.2085856
2026-04-13 10:15:00,14820.0,14840.0,14840.0,14820.0,30.39055331
2026-04-13 10:20:00,14770.0,14820.0,14820.0,14770.0,27.70642841
2026-04-13 10:25:00,14830.0,14840.0,14840.0,14830.0,6.8
2026-04-13 10:30:00,14850.0,14850.0,14850.0,14850.0,18.50155755
2026-04-13 10:40:00,14920.0,14920.0,14920.0,14920.0,16.6999
2026-04-13 10:45:00,14830.0,14890.0,14890.0,14830.0,188.3043048
2026-04-13 10:50:00,14890.0,14850.0,14890.0,14850.0,109.77771668
2026-04-13 10:55:00,14890.0,14900.0,14930.0,14890.0,115.12747784
2026-04-13 11:00:00,14920.0,14930.0,14940.0,14900.0,77.20259418
2026-04-13 11:05:00,14960.0,15000.0,15020.0,14960.0,303.84599551
2026-04-13 11:10:00,15000.0,15020.0,15020.0,15000.0,360.17076669
2026-04-13 11:15:00,14900.0,14900.0,14900.0,14900.0,103.77606452
2026-04-13 11:20:00,14960.0,14960.0,14970.0,14960.0,50.61120455297261
2026-04-13 11:25:00,14870.0,14870.0,14870.0,14860.0,26.62783102
2026-04-13 11:30:00,14850.0,14900.0,14900.0,14830.0,86.99878372080536
2026-04-13 11:40:00,14890.0,14840.0,14890.0,14840.0,41.7534719
2026-04-13 11:45:00,14830.0,14800.0,14830.0,14800.0,146.78915896
2026-04-13 11:50:00,14780.0,14790.0,14800.0,14780.0,87.53398955
2026-04-13 11:55:00,14800.0,14800.0,14800.0,14800.0,0.518539
2026-04-13 12:00:00,14800.0,14800.0,14800.0,14800.0,1.0
2026-04-13 12:05:00,14790.0,14790.0,14790.0,14790.0,295.0155023
2026-04-13 12:10:00,14770.0,14740.0,14770.0,14740.0,5.35669308
2026-04-13 12:15:00,14730.0,14690.0,14730.0,14690.0,4.13509163
2026-04-13 12:20:00,14660.0,14660.0,14660.0,14660.0,29.2559
2026-04-13 12:25:00,14660.0,14650.0,14660.0,14650.0,14.66362598
2026-04-13 12:30:00,14600.0,14600.0,14600.0,14600.0,26.00078403
2026-04-13 12:35:00,14660.0,14660.0,14660.0,14660.0,2.24047
2026-04-13 12:45:00,14660.0,14660.0,14660.0,14660.0,110.55594302
2026-04-13 12:50:00,14700.0,14700.0,14700.0,14700.0,18.7565
2026-04-13 12:55:00,14710.0,14760.0,14760.0,14710.0,645.78966234
2026-04-13 13:00:00,14680.0,14680.0,14680.0,14680.0,1.0173
2026-04-13 13:05:00,14620.0,14620.0,14620.0,14620.0,13.33335607
2026-04-13 13:30:00,14620.0,14620.0,14620.0,14620.0,1.0173
2026-04-13 13:35:00,14620.0,14630.0,14630.0,14620.0,34.76840352
2026-04-13 13:40:00,14640.0,14660.0,14660.0,14640.0,81.45928782
2026-04-13 13:55:00,14490.0,14480.0,14490.0,14480.0,4.862188
2026-04-13 14:00:00,14540.0,14540.0,14540.0,14530.0,9.45717343
2026-04-13 14:05:00,14600.0,14610.0,14610.0,14600.0,288.03749861
2026-04-13 14:10:00,14620.0,14620.0,14620.0,14620.0,2.39235475
2026-04-13 14:15:00,14620.0,14620.0,14620.0,14620.0,5.25962794
2026-04-13 14:25:00,14630.0,14630.0,14630.0,14630.0,3.246672
2026-04-13 14:45:00,14640.0,14640.0,14640.0,14640.0,137.66550546448087
2026-04-13 14:50:00,14580.0,14570.0,14580.0,14570.0,137.66550546
2026-04-13 15:00:00,14590.0,14470.0,14590.0,14440.0,821.6921641106509
2026-04-13 15:05:00,14440.0,14470.0,14470.0,14440.0,109.98581688
2026-04-13 15:15:00,14470.0,14440.0,14470.0,14440.0,6.84350353
2026-04-13 15:20:00,14430.0,14430.0,14430.0,14430.0,1.0097031
2026-04-13 15:30:00,14420.0,14440.0,14440.0,14420.0,191.53821927
2026-04-13 15:40:00,14400.0,14400.0,14400.0,14400.0,2.34120079
2026-04-13 15:45:00,14440.0,14450.0,14450.0,14440.0,7.0
2026-04-13 15:50:00,14420.0,14400.0,14420.0,14370.0,69.63439995
2026-04-13 15:55:00,14400.0,14450.0,14450.0,14380.0,31.041813
2026-04-13 16:00:00,14460.0,14540.0,14540.0,14460.0,646.209409
2026-04-13 16:05:00,14600.0,14600.0,14600.0,14600.0,12.34518156
2026-04-13 16:15:00,14690.0,14690.0,14690.0,14690.0,95.47594594
2026-04-13 16:20:00,14720.0,14720.0,14720.0,14720.0,67.9
2026-04-13 16:25:00,14740.0,14740.0,14740.0,14740.0,1.991112618724559
2026-04-13 16:30:00,14810.0,14820.0,14830.0,14810.0,86.05558341796083
2026-04-13 16:35:00,14820.0,14820.0,14820.0,14820.0,2.33027417
2026-04-13 16:40:00,14780.0,14800.0,14810.0,14770.0,205.31518132
2026-04-13 16:45:00,14810.0,14850.0,14850.0,14810.0,41.386561
2026-04-13 16:50:00,14850.0,14840.0,14870.0,14840.0,195.52765696
2026-04-13 16:55:00,14840.0,14830.0,14870.0,14830.0,128.37663505
2026-04-13 17:00:00,14870.0,14860.0,14910.0,14860.0,68.55271122
2026-04-13 17:05:00,14850.0,14770.0,14850.0,14770.0,25.35165437
2026-04-13 17:15:00,14830.0,14840.0,14850.0,14820.0,43.201122
2026-04-13 17:20:00,14820.0,14870.0,14870.0,14820.0,24.41042535
2026-04-13 17:25:00,14880.0,14850.0,14880.0,14850.0,31.69522009
2026-04-13 17:30:00,14870.0,14810.0,14870.0,14810.0,47.53218156
2026-04-13 17:35:00,14840.0,14840.0,14840.0,14840.0,3.4
2026-04-13 17:40:00,14850.0,14840.0,14850.0,14840.0,40.8
2026-04-13 17:45:00,14840.0,14840.0,14840.0,14840.0,10.2
2026-04-13 17:50:00,14840.0,14840.0,14850.0,14840.0,52.3798
2026-04-13 17:55:00,14840.0,14840.0,14840.0,14840.0,3.4
2026-04-13 18:00:00,14840.0,14900.0,14900.0,14840.0,6.81479155
2026-04-13 18:10:00,14920.0,14910.0,14920.0,14910.0,3.665263
2026-04-13 18:15:00,14940.0,14970.0,14970.0,14930.0,85.20961060463594
2026-04-13 18:30:00,14940.0,14930.0,14940.0,14930.0,3.125594
2026-04-13 18:50:00,14930.0,14930.0,14930.0,14930.0,0.549108
2026-04-13 19:25:00,14990.0,15000.0,15000.0,14990.0,38.79362618
2026-04-13 19:45:00,15030.0,15040.0,15040.0,15030.0,7.788243
2026-04-13 19:50:00,15000.0,15000.0,15000.0,15000.0,3.3
2026-04-13 19:55:00,15020.0,14960.0,15020.0,14960.0,19.8
2026-04-13 20:00:00,14950.0,14910.0,14950.0,14910.0,13.3
2026-04-13 20:05:00,14880.0,14880.0,14880.0,14870.0,10.2
2026-04-13 20:10:00,14820.0,14810.0,14820.0,14790.0,108.9662074
2026-04-13 20:15:00,14810.0,14810.0,14810.0,14810.0,6.8
2026-04-13 20:20:00,14810.0,14840.0,14840.0,14810.0,13.08267585
2026-04-13 20:30:00,14850.0,14870.0,14870.0,14840.0,5.681985
2026-04-13 20:35:00,14830.0,14830.0,14830.0,14830.0,3.4
2026-04-13 20:40:00,14830.0,14830.0,14830.0,14830.0,5.69688203
2026-04-13 21:05:00,14770.0,14810.0,14810.0,14760.0,153.66728631
2026-04-13 21:10:00,14800.0,14800.0,14800.0,14800.0,7.181867
2026-04-13 21:15:00,14780.0,14780.0,14780.0,14780.0,2.35061871
2026-04-13 21:20:00,14690.0,14690.0,14690.0,14690.0,0.56494
2026-04-13 21:25:00,14700.0,14690.0,14700.0,14690.0,4.22089857
2026-04-13 21:35:00,14670.0,14670.0,14670.0,14670.0,2.33027417
2026-04-13 21:40:00,14670.0,14700.0,14710.0,14670.0,32.24028741
2026-04-13 21:45:00,14680.0,14680.0,14680.0,14680.0,10.2
2026-04-13 21:50:00,14680.0,14680.0,14680.0,14680.0,3.4
2026-04-13 21:55:00,14670.0,14650.0,14670.0,14650.0,23.8
2026-04-13 22:00:00,14620.0,14610.0,14650.0,14610.0,15.00285639
2026-04-13 22:05:00,14640.0,14660.0,14660.0,14640.0,14.565972
2026-04-13 22:10:00,14660.0,14670.0,14670.0,14660.0,10.2
2026-04-13 22:15:00,14690.0,14690.0,14700.0,14690.0,30.88801906058543
2026-04-13 22:20:00,14740.0,14720.0,14760.0,14700.0,35.10240774743032
2026-04-13 22:25:00,14720.0,14720.0,14720.0,14720.0,16.0045
2026-04-13 22:30:00,14700.0,14690.0,14700.0,14690.0,8.35509966
2026-04-13 22:35:00,14680.0,14700.0,14700.0,14680.0,6.8
2026-04-13 22:40:00,14720.0,14710.0,14720.0,14710.0,6.8
2026-04-13 22:45:00,14670.0,14690.0,14690.0,14660.0,50.0074739
2026-04-13 22:50:00,14710.0,14710.0,14710.0,14690.0,13.6
2026-04-13 22:55:00,14710.0,14730.0,14730.0,14710.0,37.44140735
2026-04-13 23:00:00,14730.0,14700.0,14730.0,14700.0,9.59302
2026-04-13 23:05:00,14680.0,14690.0,14700.0,14680.0,273.46650811
2026-04-13 23:15:00,14650.0,14620.0,14660.0,14620.0,53.77699728
2026-04-13 23:25:00,14610.0,14600.0,14610.0,14600.0,7.62594113
2026-04-13 23:40:00,14440.0,14440.0,14440.0,14440.0,10.80094766
2026-04-13 23:55:00,14380.0,14380.0,14380.0,14380.0,0.34770515
2026-04-14 00:00:00,14340.0,14240.0,14340.0,14240.0,114.16831577
2026-04-14 00:05:00,14260.0,14260.0,14270.0,14260.0,286.62990811
2026-04-14 00:10:00,14320.0,14300.0,14320.0,14300.0,30.984813986013982
2026-04-14 00:15:00,14280.0,14350.0,14350.0,14230.0,74.15854154
2026-04-14 00:20:00,14340.0,14480.0,14480.0,14340.0,14.83870797
2026-04-14 00:25:00,14430.0,14430.0,14430.0,14430.0,118.11344818
2026-04-14 00:30:00,14410.0,14410.0,14410.0,14410.0,18.86590141
2026-04-14 00:35:00,14490.0,14550.0,14550.0,14490.0,98.59603356
2026-04-14 00:40:00,14550.0,14550.0,14550.0,14550.0,3.43642612
2026-04-14 00:50:00,14550.0,14550.0,14550.0,14550.0,1.1744
2026-04-14 00:55:00,14490.0,14510.0,14520.0,14480.0,23.2558
2026-04-14 01:00:00,14540.0,14530.0,14540.0,14520.0,13.6
2026-04-14 01:05:00,14530.0,14530.0,14530.0,14530.0,17.0
2026-04-14 01:10:00,14600.0,14600.0,14600.0,14600.0,0.34246576
2026-04-14 01:15:00,14550.0,14550.0,14550.0,14550.0,1.0
2026-04-14 01:25:00,14580.0,14610.0,14610.0,14580.0,24.21891188
2026-04-14 01:40:00,14570.0,14530.0,14570.0,14510.0,71.6865568
2026-04-14 01:50:00,14500.0,14500.0,14500.0,14500.0,163.177
2026-04-14 01:55:00,14460.0,14460.0,14460.0,14450.0,134.19304255
2026-04-14 02:05:00,14440.0,14480.0,14480.0,14440.0,26.4358401
2026-04-14 02:10:00,14490.0,14500.0,14500.0,14490.0,45.0
2026-04-14 02:15:00,14500.0,14460.0,14500.0,14460.0,7.8173
2026-04-14 02:20:00,14470.0,14470.0,14470.0,14470.0,3.5
2026-04-14 02:25:00,14460.0,14530.0,14530.0,14460.0,38.67644292
2026-04-14 02:30:00,14550.0,14550.0,14550.0,14550.0,12.6349
2026-04-14 02:35:00,14600.0,14600.0,14600.0,14600.0,0.47945206
2026-04-14 02:45:00,14580.0,14580.0,14580.0,14580.0,3.4
2026-04-14 02:50:00,14540.0,14540.0,14540.0,14540.0,59.71017847
2026-04-14 02:55:00,14550.0,14550.0,14550.0,14550.0,3.4
2026-04-14 03:00:00,14510.0,14510.0,14510.0,14510.0,65.72988617
2026-04-14 03:15:00,14600.0,14620.0,14620.0,14600.0,78.17951854
2026-04-14 03:20:00,14660.0,14720.0,14720.0,14660.0,1.80641837
2026-04-14 03:30:00,14790.0,14800.0,14800.0,14790.0,2.154947
2026-04-14 03:35:00,14770.0,14770.0,14770.0,14770.0,8.460651
2026-04-14 03:40:00,14750.0,14750.0,14750.0,14750.0,19.10836957
2026-04-14 03:45:00,14750.0,14750.0,14750.0,14750.0,99.80563037
2026-04-14 03:55:00,14760.0,14760.0,14760.0,14760.0,33.7659645
2026-04-14 04:05:00,14850.0,14890.0,14910.0,14850.0,445.40256396
2026-04-14 04:10:00,14900.0,14920.0,14920.0,14890.0,162.40762702904826
2026-04-14 04:15:00,14880.0,14880.0,14880.0,14880.0,8.99250873
2026-04-14 04:20:00,14920.0,14920.0,14920.0,14920.0,0.33512065
2026-04-14 04:25:00,14870.0,14800.0,14870.0,14800.0,53.0615666
2026-04-14 04:30:00,14810.0,14810.0,14810.0,14810.0,0.34770515
2026-04-14 04:35:00,14860.0,14860.0,14860.0,14860.0,155.89987339
2026-04-14 04:40:00,14910.0,14910.0,14910.0,14910.0,0.40241449
2026-04-14 04:45:00,14880.0,14880.0,14880.0,14880.0,0.70620801
2026-04-14 04:50:00,14910.0,14890.0,14910.0,14890.0,0.85684241
2026-04-14 05:20:00,14900.0,14850.0,14900.0,14850.0,6.30271022
2026-04-14 05:30:00,14840.0,14840.0,14840.0,14840.0,2.5696854
2026-04-14 05:35:00,14720.0,14710.0,14720.0,14710.0,17.3964911
2026-04-14 05:45:00,14710.0,14690.0,14710.0,14690.0,36.66079861
2026-04-14 05:55:00,14600.0,14660.0,14660.0,14600.0,71.65736554
2026-04-14 06:40:00,14690.0,14660.0,14690.0,14660.0,19.166
2026-04-14 07:10:00,14820.0,14820.0,14820.0,14820.0,3.4
2026-04-14 07:15:00,14820.0,14820.0,14820.0,14820.0,11.4444
2026-04-14 07:20:00,14820.0,14790.0,14820.0,14790.0,212.00055808
2026-04-14 07:30:00,14690.0,14660.0,14690.0,14660.0,2.60535796
2026-04-14 07:35:00,14700.0,14700.0,14700.0,14700.0,0.82189085
2026-04-14 07:40:00,14700.0,14680.0,14700.0,14680.0,212.00049233
2026-04-14 07:50:00,14700.0,14700.0,14700.0,14700.0,82.3410781
2026-04-14 07:55:00,14730.0,14780.0,14780.0,14730.0,7.625088
2026-04-14 08:00:00,14760.0,14760.0,14760.0,14760.0,2.23283255
2026-04-14 08:05:00,14820.0,14820.0,14820.0,14820.0,0.57
2026-04-14 08:15:00,14890.0,14930.0,14930.0,14890.0,1.00603744
2026-04-14 08:20:00,14900.0,14900.0,14900.0,14900.0,5.04710024
2026-04-14 08:35:00,14850.0,14930.0,14930.0,14850.0,55.33084199
2026-04-14 08:45:00,14950.0,14950.0,14950.0,14950.0,0.33444817
2026-04-14 08:55:00,14890.0,14890.0,14890.0,14890.0,10.29211952
2026-04-14 09:00:00,14920.0,14940.0,14940.0,14900.0,30.13551103
2026-04-14 09:10:00,14930.0,14930.0,14930.0,14930.0,1.5588
2026-04-14 09:15:00,14940.0,14990.0,14990.0,14930.0,355.4916491634179
2026-04-14 09:20:00,15040.0,15050.0,15070.0,14970.0,335.22703606249667
2026-04-14 09:25:00,15100.0,15160.0,15160.0,15100.0,38.79935518
2026-04-14 09:30:00,15170.0,15180.0,15180.0,15160.0,9.73256666
2026-04-14 09:35:00,15080.0,15100.0,15130.0,15080.0,256.08982636
2026-04-14 09:40:00,15140.0,15120.0,15140.0,15120.0,10.62237052
2026-04-14 09:45:00,15150.0,15170.0,15200.0,15150.0,192.16004319
2026-04-14 09:50:00,15100.0,15080.0,15100.0,15030.0,179.42765992424404
2026-04-14 10:05:00,15100.0,15100.0,15100.0,15100.0,2.23283255
2026-04-14 10:10:00,15080.0,15090.0,15110.0,15040.0,155.76340715
2026-04-14 10:15:00,15090.0,15030.0,15090.0,15030.0,311.8055798
2026-04-14 10:25:00,15230.0,15230.0,15230.0,15230.0,4.9
2026-04-14 10:30:00,15140.0,15140.0,15140.0,15140.0,38.69580665
2026-04-14 10:35:00,15100.0,15090.0,15100.0,15090.0,86.21851644
2026-04-14 10:40:00,15040.0,15080.0,15100.0,15040.0,290.66620745
2026-04-14 10:45:00,15100.0,15040.0,15100.0,15040.0,58.04593687
2026-04-14 10:50:00,15080.0,15090.0,15090.0,15080.0,15.0
2026-04-14 10:55:00,15070.0,15070.0,15070.0,15070.0,34.32441025
2026-04-14 11:10:00,15090.0,15090.0,15090.0,15090.0,103.9332274
2026-04-14 11:15:00,15090.0,15140.0,15140.0,15090.0,201.53691687
2026-04-14 11:20:00,15170.0,15110.0,15170.0,15100.0,288.764538
2026-04-14 11:25:00,15130.0,15100.0,15140.0,15100.0,106.84266377
2026-04-14 11:35:00,15130.0,15160.0,15160.0,15130.0,258.3393178026385
2026-04-14 11:40:00,15150.0,15150.0,15150.0,15150.0,6.06878842
2026-04-14 11:45:00,15150.0,15150.0,15150.0,15150.0,1.32013202
2026-04-14 11:50:00,15130.0,15100.0,15130.0,15100.0,73.58009336
2026-04-14 12:05:00,15060.0,14950.0,15060.0,14950.0,221.73717893
2026-04-14 12:10:00,14990.0,14980.0,14990.0,14950.0,146.38012215
2026-04-14 12:20:00,14930.0,14930.0,14930.0,14930.0,2.878356
2026-04-14 12:25:00,14900.0,14900.0,14900.0,14900.0,183.74577649
2026-04-14 12:30:00,14900.0,14960.0,14960.0,14900.0,115.69090199
2026-04-14 12:35:00,14960.0,14960.0,14960.0,14960.0,45.85555349
2026-04-14 12:45:00,14960.0,14960.0,14960.0,14960.0,55.87
2026-04-14 12:50:00,14990.0,14990.0,14990.0,14990.0,1.32013202
2026-04-14 12:55:00,14990.0,14990.0,14990.0,14990.0,23.35953847
2026-04-14 13:00:00,15030.0,15040.0,15040.0,15030.0,3.31481286
2026-04-14 13:15:00,14920.0,14900.0,14920.0,14900.0,10.02228188
2026-04-14 13:25:00,14790.0,14790.0,14790.0,14790.0,43.6675
2026-04-14 13:30:00,14820.0,14790.0,14820.0,14770.0,36.60401086
2026-04-14 13:35:00,14790.0,14790.0,14790.0,14770.0,295.02600288
2026-04-14 13:40:00,14760.0,14760.0,14800.0,14760.0,141.96153476
2026-04-14 13:45:00,14760.0,14710.0,14760.0,14710.0,14.52185995
2026-04-14 13:50:00,14710.0,14710.0,14710.0,14710.0,0.892627
2026-04-14 13:55:00,14730.0,14720.0,14730.0,14720.0,18.6705
2026-04-14 14:00:00,14690.0,14690.0,14690.0,14690.0,34.04511186
2026-04-14 14:05:00,14660.0,14690.0,14690.0,14660.0,2.3754
2026-04-14 14:15:00,14690.0,14690.0,14690.0,14690.0,44.0107
2026-04-14 14:20:00,14700.0,14720.0,14720.0,14700.0,163.67071451
2026-04-14 14:25:00,14690.0,14680.0,14690.0,14680.0,5.50007868
2026-04-14 14:30:00,14690.0,14720.0,14720.0,14690.0,23.098342
2026-04-14 14:50:00,14670.0,14670.0,14670.0,14670.0,12.456216
2026-04-14 15:00:00,14790.0,14750.0,14820.0,14740.0,15.34800481
2026-04-14 15:05:00,14700.0,14740.0,14740.0,14700.0,49.32472566890095
2026-04-14 15:10:00,14720.0,14750.0,14760.0,14690.0,67.99440914723577
2026-04-14 15:15:00,14750.0,14780.0,14790.0,14750.0,31.58588519
2026-04-14 15:20:00,14790.0,14790.0,14790.0,14790.0,260.03746963
2026-04-14 15:35:00,14760.0,14760.0,14760.0,14760.0,27.65694459
2026-04-14 15:50:00,14810.0,14860.0,14860.0,14810.0,9.513209707281293
2026-04-14 16:00:00,14930.0,14920.0,14970.0,14920.0,625.1890964
2026-04-14 16:05:00,14890.0,14920.0,14920.0,14840.0,52.798833
2026-04-14 16:10:00,14940.0,14900.0,14940.0,14880.0,62.55199885
2026-04-14 16:15:00,14900.0,14860.0,14900.0,14860.0,109.834
2026-04-14 16:25:00,14910.0,14870.0,14910.0,14870.0,674.7200548
2026-04-14 16:30:00,14820.0,14810.0,14820.0,14810.0,197.8100951
2026-04-14 16:35:00,14820.0,14820.0,14820.0,14820.0,123.9151225
2026-04-14 16:50:00,14870.0,14890.0,14920.0,14870.0,105.2606
2026-04-14 16:55:00,14930.0,14990.0,14990.0,14930.0,48.463606
2026-04-14 17:00:00,15070.0,15120.0,15120.0,15060.0,56.96361977293651
2026-04-14 17:05:00,15150.0,15140.0,15150.0,15140.0,66.57239511
2026-04-14 17:45:00,15010.0,15010.0,15010.0,15010.0,26.64890074
2026-04-14 18:25:00,14900.0,14900.0,14900.0,14900.0,32.7
2026-04-14 18:30:00,14900.0,14910.0,14910.0,14900.0,20.0
2026-04-14 18:50:00,14860.0,14870.0,14870.0,14860.0,15.0
2026-04-14 18:55:00,14870.0,14870.0,14870.0,14870.0,24.2
2026-04-14 19:10:00,14880.0,14890.0,14890.0,14880.0,57.9
2026-04-14 19:20:00,14820.0,14820.0,14820.0,14820.0,17.4
2026-04-14 19:25:00,14810.0,14810.0,14810.0,14810.0,273.59619182
2026-04-14 19:35:00,14850.0,14850.0,14850.0,14850.0,67.19994795
2026-04-14 19:40:00,14850.0,14850.0,14850.0,14850.0,1.5458
2026-04-14 19:45:00,14850.0,14930.0,14930.0,14820.0,73.003858
2026-04-14 19:50:00,14900.0,14900.0,14900.0,14900.0,36.1
2026-04-14 20:00:00,14950.0,14960.0,14960.0,14950.0,2.660913
2026-04-14 20:05:00,14920.0,14920.0,14950.0,14910.0,96.9311
2026-04-14 20:10:00,14920.0,14900.0,14920.0,14890.0,23.147379
2026-04-14 20:15:00,14830.0,14820.0,14830.0,14820.0,8.44095
2026-04-14 20:20:00,14800.0,14790.0,14820.0,14770.0,369.20357287
2026-04-14 20:25:00,14780.0,14760.0,14790.0,14750.0,72.59999999
2026-04-14 20:30:00,14790.0,14820.0,14820.0,14790.0,130.62
2026-04-14 21:15:00,14820.0,14860.0,14860.0,14820.0,26.77707411
2026-04-14 21:20:00,14850.0,14850.0,14850.0,14850.0,12.83768821
2026-04-14 21:25:00,14850.0,14850.0,14850.0,14850.0,10.0
2026-04-14 21:30:00,14850.0,14810.0,14850.0,14810.0,8.36833482
2026-04-14 21:50:00,14780.0,14780.0,14780.0,14780.0,0.348906
2026-04-14 21:55:00,14740.0,14740.0,14740.0,14740.0,5.0
2026-04-14 22:00:00,14730.0,14700.0,14730.0,14690.0,335.36177778
2026-04-14 22:05:00,14670.0,14670.0,14670.0,14670.0,1.1839
2026-04-14 22:30:00,14730.0,14730.0,14730.0,14730.0,98.33815311
2026-04-14 22:45:00,14700.0,14700.0,14700.0,14700.0,59.96737529
2026-04-14 22:50:00,14700.0,14700.0,14700.0,14700.0,34.72282481
2026-04-14 22:55:00,14740.0,14740.0,14740.0,14740.0,3.601364
2026-04-14 23:05:00,14750.0,14750.0,14750.0,14750.0,77.0
2026-04-14 23:10:00,14720.0,14720.0,14720.0,14720.0,1.0173
2026-04-14 23:15:00,14750.0,14750.0,14750.0,14750.0,1.0173
2026-04-14 23:20:00,14770.0,14770.0,14770.0,14770.0,1.0173
2026-04-14 23:30:00,14750.0,14750.0,14750.0,14750.0,14.38169492
2026-04-14 23:40:00,14670.0,14690.0,14690.0,14670.0,132.13322433451327
2026-04-14 23:55:00,14670.0,14660.0,14670.0,14660.0,3.34672021
2026-04-15 00:00:00,14660.0,14660.0,14660.0,14660.0,2.61746
2026-04-15 00:10:00,14660.0,14660.0,14660.0,14660.0,1.134092
2026-04-15 00:15:00,14690.0,14740.0,14740.0,14690.0,213.95434805289008
2026-04-15 00:20:00,14740.0,14750.0,14750.0,14740.0,19.596876
2026-04-15 00:25:00,14750.0,14710.0,14750.0,14710.0,335.6112158
2026-04-15 00:30:00,14760.0,14760.0,14760.0,14760.0,15.075
2026-04-15 00:35:00,14810.0,14820.0,14820.0,14810.0,5.0
2026-04-15 01:00:00,14780.0,15130.0,15180.0,14780.0,799.90382973
2026-04-15 01:05:00,15190.0,15220.0,15310.0,15170.0,870.7262218337255
2026-04-15 01:10:00,15210.0,15640.0,15640.0,15210.0,1114.4726047051108
2026-04-15 01:15:00,15580.0,16440.0,16500.0,15580.0,7689.228090317909
2026-04-15 01:20:00,16300.0,16370.0,16620.0,16100.0,6851.118726880998
2026-04-15 01:25:00,16370.0,16780.0,17020.0,16290.0,5853.195861129776
2026-04-15 01:30:00,16810.0,16910.0,17000.0,16680.0,3721.506113859388
2026-04-15 01:35:00,16930.0,17290.0,17400.0,16930.0,4862.031036386966
2026-04-15 01:40:00,17290.0,17480.0,20000.0,17270.0,13951.032483863664
2026-04-15 01:45:00,17490.0,17400.0,17520.0,17120.0,8236.854238788159
2026-04-15 01:50:00,17380.0,17280.0,17450.0,17130.0,2908.737676670609
2026-04-15 01:55:00,17320.0,17260.0,17410.0,17200.0,1701.7085094582046
2026-04-15 02:00:00,17260.0,17270.0,17540.0,17240.0,3180.993053457113
2026-04-15 02:05:00,17300.0,17270.0,17480.0,17250.0,1164.9270980594497
2026-04-15 02:10:00,17270.0,17230.0,17270.0,17050.0,1872.998807349376
2026-04-15 02:15:00,17180.0,17650.0,17990.0,17150.0,7300.943013605676
2026-04-15 02:20:00,17680.0,17820.0,17840.0,17320.0,3968.763512057565
2026-04-15 02:25:00,17820.0,17710.0,18000.0,17680.0,5974.966629219178
2026-04-15 02:30:00,17710.0,17590.0,17850.0,17520.0,1919.9628307766695
2026-04-15 02:35:00,17590.0,17470.0,17690.0,17460.0,1592.1455743190031
2026-04-15 02:40:00,17490.0,17510.0,17570.0,17440.0,1966.36723016
2026-04-15 02:45:00,17510.0,17690.0,17730.0,17470.0,2562.291697360932
2026-04-15 02:50:00,17670.0,17670.0,17760.0,17630.0,793.7014177507366
2026-04-15 02:55:00,17670.0,17750.0,17800.0,17600.0,1002.12196308
2026-04-15 03:00:00,17710.0,17700.0,17810.0,17590.0,2787.5175070648083
2026-04-15 03:05:00,17680.0,17730.0,17770.0,17670.0,535.70823553
2026-04-15 03:10:00,17750.0,17750.0,17840.0,17730.0,1069.9990337483084
2026-04-15 03:15:00,17760.0,17990.0,18030.0,17760.0,2016.743666072221
2026-04-15 03:20:00,17990.0,18380.0,18540.0,17950.0,5194.843349043783
2026-04-15 03:25:00,18350.0,18230.0,18570.0,18200.0,6134.872492261019
2026-04-15 03:30:00,18210.0,18050.0,18250.0,17930.0,4107.470290061205
2026-04-15 03:35:00,18060.0,17910.0,18060.0,17840.0,2920.0428986
2026-04-15 03:40:00,17890.0,17850.0,17940.0,17670.0,1947.5169419506442
2026-04-15 03:45:00,17850.0,17710.0,17890.0,17680.0,1873.756182021384
2026-04-15 03:50:00,17700.0,17790.0,17860.0,17700.0,454.08338144
2026-04-15 03:55:00,17790.0,17820.0,17880.0,17740.0,678.43125151
2026-04-15 04:00:00,17800.0,17790.0,17870.0,17730.0,649.7076204941419
2026-04-15 04:05:00,17780.0,17900.0,17950.0,17710.0,1345.0623234
2026-04-15 04:10:00,17830.0,17790.0,17900.0,17770.0,454.91034854
2026-04-15 04:15:00,17790.0,17900.0,17900.0,17770.0,552.80717252
2026-04-15 04:20:00,17900.0,17690.0,17900.0,17690.0,698.2323205793855
2026-04-15 04:25:00,17760.0,17690.0,17810.0,17670.0,2866.86510209
2026-04-15 04:30:00,17690.0,17700.0,17700.0,17580.0,1168.915861191074
2026-04-15 04:35:00,17800.0,18090.0,18300.0,17780.0,1336.1773209370288
2026-04-15 04:40:00,18100.0,18070.0,18210.0,18030.0,884.9767633475749
2026-04-15 04:45:00,18070.0,18080.0,18100.0,17940.0,391.35011633
2026-04-15 04:50:00,18010.0,18330.0,18330.0,18000.0,2182.353377640163
2026-04-15 04:55:00,18250.0,18190.0,18400.0,18170.0,1531.6986510930224
2026-04-15 05:00:00,18300.0,18340.0,18430.0,18240.0,982.6672077879924
2026-04-15 05:05:00,18190.0,18110.0,18220.0,18030.0,1455.25808064
2026-04-15 05:10:00,18080.0,18280.0,18280.0,18080.0,357.53171406
2026-04-15 05:15:00,18250.0,18250.0,18360.0,18180.0,612.1390226439098
2026-04-15 05:20:00,18250.0,18000.0,18290.0,17920.0,1766.72083038
2026-04-15 05:25:00,18000.0,18020.0,18110.0,18000.0,630.63962908
2026-04-15 05:30:00,18020.0,18110.0,18110.0,17990.0,160.2590823
2026-04-15 05:35:00,18080.0,18050.0,18150.0,18050.0,703.94820011
2026-04-15 05:40:00,18000.0,17960.0,18000.0,17880.0,1389.5841692496774
2026-04-15 05:45:00,18050.0,17930.0,18070.0,17930.0,356.28026882
2026-04-15 05:50:00,17940.0,17940.0,18000.0,17910.0,836.96561664
2026-04-15 05:55:00,17990.0,17900.0,17990.0,17900.0,196.93279495
2026-04-15 06:00:00,17900.0,17830.0,17900.0,17770.0,619.92176085
2026-04-15 06:05:00,17870.0,17840.0,17960.0,17800.0,783.2212837
2026-04-15 06:10:00,17870.0,17880.0,17990.0,17850.0,64.11718190246222
2026-04-15 06:15:00,17890.0,17900.0,17930.0,17870.0,113.18595769
2026-04-15 06:20:00,17960.0,17950.0,17960.0,17890.0,250.75265824707915
2026-04-15 06:25:00,17950.0,17930.0,17970.0,17930.0,233.93793006
2026-04-15 06:30:00,17960.0,17680.0,17960.0,17680.0,1532.18539705
2026-04-15 06:35:00,17760.0,17740.0,17810.0,17680.0,499.02370155
2026-04-15 06:40:00,17740.0,17800.0,17820.0,17700.0,767.41268736
2026-04-15 06:45:00,17740.0,17650.0,17770.0,17650.0,1548.352828996787
2026-04-15 06:50:00,17650.0,17700.0,17740.0,17640.0,389.15499389
2026-04-15 06:55:00,17670.0,17700.0,17740.0,17630.0,841.809328325065
2026-04-15 07:00:00,17720.0,17820.0,17820.0,17720.0,718.6201968773681
2026-04-15 07:05:00,17760.0,17780.0,17820.0,17710.0,76.21450252
2026-04-15 07:10:00,17780.0,17860.0,17890.0,17690.0,650.7095363235319
2026-04-15 07:15:00,17900.0,17830.0,17900.0,17830.0,141.48071189
2026-04-15 07:20:00,17830.0,17910.0,17910.0,17820.0,76.63616669
2026-04-15 07:25:00,17860.0,17860.0,17860.0,17850.0,212.56983482
2026-04-15 07:30:00,17900.0,17680.0,17910.0,17670.0,1093.58153087
2026-04-15 07:35:00,17710.0,17570.0,17730.0,17280.0,1336.4309649273212
2026-04-15 07:40:00,17520.0,17480.0,17530.0,17460.0,596.3117254815231
2026-04-15 07:45:00,17480.0,17700.0,17700.0,17430.0,1063.80355596
2026-04-15 07:50:00,17750.0,17710.0,17800.0,17710.0,193.38963540179776
2026-04-15 07:55:00,17750.0,17910.0,17920.0,17740.0,1112.8425909964828
2026-04-15 08:00:00,17960.0,18040.0,18090.0,17920.0,1478.6760665493098
2026-04-15 08:05:00,17980.0,17950.0,18060.0,17920.0,1348.920593510831
2026-04-15 08:10:00,17920.0,17680.0,17920.0,17630.0,2059.70035328
2026-04-15 08:15:00,17670.0,17750.0,17840.0,17620.0,1731.0921661614125
2026-04-15 08:20:00,17700.0,17820.0,17860.0,17700.0,455.0262695
2026-04-15 08:25:00,17870.0,18000.0,18050.0,17870.0,655.5377271620728
2026-04-15 08:30:00,18020.0,18100.0,18230.0,17950.0,1828.1211308567047
2026-04-15 08:35:00,18110.0,18100.0,18300.0,18100.0,1419.713783820643
2026-04-15 08:40:00,18150.0,18110.0,18230.0,18100.0,981.02472285
2026-04-15 08:45:00,18110.0,18040.0,18200.0,18040.0,1244.381473171149
2026-04-15 08:50:00,18030.0,17880.0,18030.0,17810.0,797.48767188
2026-04-15 08:55:00,17810.0,17870.0,17930.0,17800.0,414.28891154
2026-04-15 09:00:00,17880.0,17930.0,17960.0,17880.0,1095.6310707235714
2026-04-15 09:05:00,17910.0,17820.0,17990.0,17820.0,240.1486841228075
2026-04-15 09:10:00,17800.0,17760.0,17830.0,17690.0,678.96630999
2026-04-15 09:15:00,17760.0,17750.0,17790.0,17740.0,378.17015494
2026-04-15 09:20:00,17780.0,17650.0,17780.0,17590.0,773.8734977050877
2026-04-15 09:25:00,17700.0,17780.0,17780.0,17700.0,271.85197573
2026-04-15 09:30:00,17750.0,17770.0,17770.0,17700.0,297.57560501576575
2026-04-15 09:35:00,17710.0,17730.0,17810.0,17700.0,217.29436823
2026-04-15 09:40:00,17700.0,17690.0,17770.0,17640.0,1221.42326094
2026-04-15 09:45:00,17780.0,17780.0,17780.0,17780.0,0.3206974128233971
2026-04-15 09:50:00,17790.0,17750.0,17800.0,17740.0,342.9773171376966
2026-04-15 09:55:00,17680.0,17760.0,17790.0,17680.0,220.36158054
2026-04-15 10:00:00,17800.0,17770.0,17800.0,17760.0,127.42054533492974
2026-04-15 10:05:00,17760.0,17710.0,17760.0,17710.0,21.02799365
2026-04-15 10:10:00,17670.0,17640.0,17670.0,17480.0,1137.243059136193
2026-04-15 10:15:00,17670.0,17660.0,17680.0,17590.0,296.43920327
2026-04-15 10:20:00,17680.0,17680.0,17680.0,17680.0,1.380157
2026-04-15 10:30:00,17690.0,17850.0,17850.0,17680.0,158.20568115
2026-04-15 10:35:00,17730.0,17790.0,17790.0,17730.0,49.91420285
2026-04-15 10:40:00,17770.0,17730.0,17770.0,17720.0,367.24675021
2026-04-15 10:45:00,17730.0,17720.0,17800.0,17720.0,343.33276417
2026-04-15 10:50:00,17730.0,17750.0,17750.0,17730.0,382.34038142
2026-04-15 10:55:00,17770.0,17780.0,17780.0,17750.0,108.19196129
2026-04-15 11:00:00,17770.0,17790.0,17840.0,17770.0,143.87270157
2026-04-15 11:05:00,17770.0,17690.0,17830.0,17690.0,539.149691901436
2026-04-15 11:10:00,17660.0,17660.0,17730.0,17660.0,169.97508411161672
2026-04-15 11:15:00,17720.0,17730.0,17750.0,17720.0,313.1147854610835
2026-04-15 11:20:00,17860.0,17790.0,17860.0,17790.0,152.96786926
2026-04-15 11:25:00,17850.0,17920.0,17920.0,17840.0,38.0558208
2026-04-15 11:30:00,17780.0,17780.0,17830.0,17780.0,175.380083145
2026-04-15 11:35:00,17780.0,17740.0,17780.0,17740.0,21.36691132
2026-04-15 11:40:00,17700.0,17680.0,17700.0,17680.0,150.53780555
2026-04-15 11:45:00,17670.0,17670.0,17670.0,17670.0,37.6985098
2026-04-15 11:55:00,17670.0,17670.0,17670.0,17670.0,0.55466812
2026-04-15 12:00:00,17680.0,17710.0,17710.0,17680.0,205.37025255
2026-04-15 12:05:00,17710.0,17700.0,17770.0,17700.0,520.7293936
2026-04-15 12:10:00,17720.0,17620.0,17730.0,17620.0,378.41495761
2026-04-15 12:15:00,17660.0,17700.0,17730.0,17660.0,96.80975041
2026-04-15 12:20:00,17680.0,17820.0,17850.0,17670.0,623.6570241
2026-04-15 12:25:00,17820.0,17770.0,17820.0,17770.0,61.65012731
2026-04-15 12:30:00,17770.0,17880.0,17950.0,17770.0,958.8700189396161
2026-04-15 12:35:00,17910.0,17930.0,17960.0,17890.0,689.1765900728237
2026-04-15 12:40:00,17950.0,17930.0,17950.0,17930.0,46.9222
2026-04-15 12:45:00,17910.0,17940.0,17940.0,17910.0,316.44189715
2026-04-15 12:50:00,17940.0,17840.0,17940.0,17840.0,442.09279015
2026-04-15 12:55:00,17850.0,17860.0,17910.0,17830.0,598.55329036
2026-04-15 13:00:00,17830.0,17750.0,17870.0,17700.0,179.88163671
2026-04-15 13:05:00,17740.0,17630.0,17780.0,17630.0,32.70839622
2026-04-15 13:10:00,17690.0,17800.0,17800.0,17690.0,89.60678432
2026-04-15 13:15:00,17760.0,17790.0,17790.0,17760.0,400.51070648
2026-04-15 13:20:00,17780.0,17800.0,17830.0,17760.0,340.90357895
2026-04-15 13:25:00,17810.0,17750.0,17810.0,17750.0,161.79925708
2026-04-15 13:30:00,17780.0,17920.0,17920.0,17740.0,251.4914271135826
2026-04-15 13:35:00,17880.0,17800.0,17900.0,17760.0,108.3952484
2026-04-15 13:40:00,17800.0,17800.0,17800.0,17790.0,36.73884842
2026-04-15 13:45:00,17800.0,17840.0,17850.0,17800.0,133.98222326399326
2026-04-15 13:50:00,17900.0,17900.0,17900.0,17840.0,109.70776787
2026-04-15 13:55:00,17910.0,17850.0,17960.0,17850.0,575.7620987489186
2026-04-15 14:00:00,17820.0,17790.0,17890.0,17790.0,237.69578882
2026-04-15 14:05:00,17780.0,17720.0,17780.0,17700.0,816.7280744364679
2026-04-15 14:10:00,17750.0,17780.0,17830.0,17750.0,639.3603430944275
2026-04-15 14:15:00,17820.0,17820.0,17880.0,17790.0,363.2863833881656
2026-04-15 14:20:00,17740.0,18050.0,18060.0,17740.0,471.6348509281655
2026-04-15 14:25:00,18050.0,17940.0,18070.0,17940.0,1016.23034313
2026-04-15 14:30:00,17970.0,17900.0,18060.0,17900.0,147.84568045
2026-04-15 14:35:00,17900.0,17840.0,17940.0,17840.0,503.43773013
2026-04-15 14:40:00,17810.0,17840.0,17840.0,17800.0,531.70970774
2026-04-15 14:45:00,17840.0,17810.0,17870.0,17780.0,152.83787778
2026-04-15 14:50:00,17760.0,17970.0,18060.0,17750.0,429.57686204
2026-04-15 14:55:00,17960.0,18640.0,18890.0,17940.0,9718.788139905368
2026-04-15 15:00:00,18650.0,18230.0,18650.0,18110.0,2773.6947621930226
2026-04-15 15:05:00,18170.0,17920.0,18170.0,17650.0,2979.399892795126
2026-04-15 15:10:00,17950.0,18010.0,18060.0,17950.0,282.73443568
2026-04-15 15:15:00,18030.0,18090.0,18170.0,17980.0,622.6519682330196
2026-04-15 15:20:00,18060.0,18130.0,18140.0,18060.0,17.72126093
2026-04-15 15:25:00,18150.0,18000.0,18180.0,17990.0,2977.1028129372107
2026-04-15 15:30:00,18040.0,18130.0,18140.0,18030.0,381.39442135
2026-04-15 15:35:00,18080.0,18070.0,18150.0,18070.0,11.44131657
2026-04-15 15:40:00,17990.0,18020.0,18020.0,17940.0,461.87130976
2026-04-15 15:45:00,18080.0,18080.0,18080.0,18080.0,0.2762431
2026-04-15 15:50:00,17980.0,17830.0,18020.0,17790.0,421.56382205
2026-04-15 15:55:00,17800.0,17890.0,17900.0,17760.0,743.49091849
2026-04-15 16:00:00,17900.0,17990.0,18030.0,17870.0,772.10779003
2026-04-15 16:05:00,18050.0,17840.0,18050.0,17760.0,696.4933697
2026-04-15 16:10:00,17800.0,17800.0,17800.0,17790.0,20.7211693
2026-04-15 16:15:00,17820.0,17850.0,17850.0,17810.0,71.68704823
2026-04-15 16:20:00,17860.0,17860.0,17860.0,17860.0,24.9747
2026-04-15 16:25:00,17860.0,17810.0,17860.0,17810.0,17.05775089
2026-04-15 16:30:00,17810.0,17840.0,17880.0,17810.0,22.68123306
2026-04-15 16:35:00,17890.0,17890.0,17890.0,17890.0,0.55959709
2026-04-15 16:40:00,17820.0,17780.0,17820.0,17770.0,1.68792779
2026-04-15 16:45:00,17720.0,17720.0,17720.0,17720.0,69.59153896
2026-04-15 16:50:00,17750.0,17710.0,17830.0,17710.0,53.85275869789177
2026-04-15 16:55:00,17740.0,17730.0,17780.0,17720.0,96.09966591572312
2026-04-15 17:00:00,17740.0,17690.0,17740.0,17680.0,3.65981046
2026-04-15 17:05:00,17740.0,17760.0,17770.0,17740.0,170.38729607
2026-04-15 17:10:00,17840.0,17890.0,17890.0,17840.0,10.15433812
2026-04-15 17:15:00,17920.0,17900.0,17920.0,17900.0,25.80311794
2026-04-15 17:20:00,17830.0,17820.0,17830.0,17810.0,11.8700646
2026-04-15 17:25:00,17860.0,17810.0,17860.0,17810.0,26.32436502
2026-04-15 17:30:00,17820.0,17820.0,17820.0,17820.0,0.5608525
2026-04-15 17:35:00,17880.0,17850.0,17880.0,17850.0,34.0271306
2026-04-15 17:40:00,17840.0,17850.0,17850.0,17830.0,38.3477607
2026-04-15 17:45:00,17850.0,17900.0,17900.0,17850.0,4.55865922
2026-04-15 17:50:00,17850.0,17870.0,17870.0,17850.0,45.97296178
2026-04-15 17:55:00,17840.0,17840.0,17840.0,17840.0,0.56056012
2026-04-15 18:00:00,17860.0,17780.0,17860.0,17750.0,68.84363005549747
2026-04-15 18:05:00,17860.0,17890.0,17890.0,17860.0,18.14867149
2026-04-15 18:10:00,17870.0,17780.0,17870.0,17780.0,36.98843119
2026-04-15 18:15:00,17760.0,17740.0,17760.0,17740.0,15.5127022
2026-04-15 18:25:00,17810.0,17790.0,17810.0,17790.0,6.72328078
2026-04-15 18:30:00,17790.0,17680.0,17790.0,17680.0,486.62428182
2026-04-15 18:40:00,17750.0,17700.0,17750.0,17700.0,24.60040821
2026-04-15 19:00:00,17760.0,17870.0,17870.0,17760.0,1.80679546
2026-04-15 19:05:00,17870.0,17870.0,17890.0,17830.0,182.66161442
2026-04-15 19:10:00,17870.0,17920.0,17920.0,17870.0,19.6
2026-04-15 19:15:00,17920.0,17890.0,17960.0,17890.0,134.642708
2026-04-15 19:20:00,17860.0,17860.0,17860.0,17860.0,156.77383147
2026-04-15 19:25:00,17860.0,17860.0,17860.0,17860.0,2.75050618
2026-04-15 19:30:00,17960.0,17980.0,18000.0,17910.0,44.62699558715
2026-04-15 19:35:00,17980.0,17930.0,17980.0,17930.0,8.746362
2026-04-15 19:40:00,17960.0,17910.0,17960.0,17910.0,8.95803571
2026-04-15 19:45:00,17910.0,17910.0,17910.0,17910.0,18.23525942
2026-04-15 19:50:00,17910.0,17900.0,17930.0,17880.0,36.1571
2026-04-15 19:55:00,17840.0,17870.0,17920.0,17840.0,47.84573635
2026-04-15 20:00:00,17850.0,17760.0,17850.0,17760.0,39.3595085
2026-04-15 20:05:00,17740.0,17740.0,17740.0,17740.0,3.54170845
2026-04-15 20:10:00,17740.0,17760.0,17760.0,17740.0,16.05449232
2026-04-15 20:15:00,17730.0,17810.0,17810.0,17730.0,12.97124414
2026-04-15 20:20:00,17780.0,17790.0,17790.0,17740.0,480.78016086
2026-04-15 20:30:00,17790.0,17770.0,17810.0,17770.0,146.68141958
2026-04-15 20:35:00,17770.0,17770.0,17770.0,17770.0,3.0273437
2026-04-15 20:40:00,17770.0,17750.0,17770.0,17750.0,203.77308307
2026-04-15 20:45:00,17770.0,17700.0,17770.0,17700.0,133.44747533
2026-04-15 20:55:00,17710.0,17680.0,17710.0,17670.0,116.2117216
2026-04-15 21:00:00,17700.0,17690.0,17700.0,17690.0,4.68548457
2026-04-15 21:05:00,17690.0,17650.0,17720.0,17640.0,789.3768747237472
2026-04-15 21:10:00,17650.0,17630.0,17660.0,17500.0,698.55973202
2026-04-15 21:15:00,17600.0,17700.0,17760.0,17600.0,121.95964856
2026-04-15 21:20:00,17710.0,17730.0,17760.0,17700.0,164.51834548
2026-04-15 21:25:00,17770.0,17720.0,17770.0,17670.0,118.2619044374564
2026-04-15 21:30:00,17720.0,17720.0,17720.0,17720.0,59.10680648
2026-04-15 21:35:00,17710.0,17740.0,17740.0,17680.0,20.42814615
2026-04-15 21:40:00,17730.0,17720.0,17730.0,17700.0,24.24215181
2026-04-15 21:45:00,17700.0,17690.0,17700.0,17690.0,15.4
2026-04-15 21:50:00,17660.0,17690.0,17690.0,17590.0,543.10227128
2026-04-15 21:55:00,17780.0,17800.0,17820.0,17780.0,13.08507948
2026-04-15 22:00:00,17830.0,17860.0,17860.0,17820.0,5.25851383
2026-04-15 22:05:00,17780.0,17780.0,17780.0,17780.0,18.4887038
2026-04-15 22:15:00,17720.0,17670.0,17720.0,17670.0,32.32552585
2026-04-15 22:20:00,17640.0,17640.0,17640.0,17640.0,115.078583
2026-04-15 22:25:00,17650.0,17600.0,17650.0,17590.0,141.30618715
2026-04-15 22:30:00,17600.0,17650.0,17660.0,17600.0,199.02605808
2026-04-15 22:35:00,17640.0,17650.0,17650.0,17620.0,16.67927035
2026-04-15 22:45:00,17630.0,17610.0,17640.0,17520.0,130.93228201
2026-04-15 22:50:00,17650.0,17710.0,17710.0,17650.0,48.87752821
2026-04-15 22:55:00,17700.0,17630.0,17700.0,17630.0,5.955756434124294
2026-04-15 23:05:00,17620.0,17610.0,17620.0,17610.0,2.78929568
2026-04-15 23:10:00,17620.0,17620.0,17660.0,17610.0,160.42849023079276
2026-04-15 23:15:00,17640.0,17670.0,17670.0,17610.0,61.06853716
2026-04-15 23:20:00,17700.0,17710.0,17710.0,17680.0,24.98541917
2026-04-15 23:25:00,17710.0,17700.0,17710.0,17690.0,112.34076455
2026-04-15 23:30:00,17700.0,17760.0,17770.0,17700.0,190.76527377
2026-04-15 23:35:00,17750.0,17740.0,17750.0,17740.0,121.75307134
2026-04-15 23:40:00,17740.0,17760.0,17760.0,17740.0,8.1667376
2026-04-15 23:45:00,17770.0,17710.0,17770.0,17710.0,65.32652553
2026-04-15 23:55:00,17710.0,17710.0,17710.0,17710.0,5.09705408
2026-04-16 00:00:00,17660.0,17660.0,17680.0,17660.0,103.81703945
2026-04-16 00:05:00,17670.0,17670.0,17670.0,17670.0,169.84341509
2026-04-16 00:10:00,17750.0,17820.0,17820.0,17750.0,581.04596008
2026-04-16 00:15:00,17780.0,17780.0,17780.0,17780.0,33.76477209
2026-04-16 00:25:00,17780.0,17780.0,17780.0,17780.0,1.87685811
2026-04-16 00:30:00,17830.0,17840.0,17900.0,17830.0,27.11407248
2026-04-16 00:35:00,17760.0,17720.0,17760.0,17720.0,754.34670808
2026-04-16 00:40:00,17720.0,17780.0,17780.0,17720.0,17.74062519
2026-04-16 00:45:00,17800.0,17780.0,17800.0,17780.0,25.48014107
2026-04-16 00:50:00,17740.0,17800.0,17800.0,17740.0,1.0024256
2026-04-16 00:55:00,17800.0,17820.0,17820.0,17800.0,346.49567997294054
2026-04-16 01:00:00,17850.0,17790.0,17850.0,17790.0,175.66928674635855
2026-04-16 01:10:00,17760.0,17760.0,17760.0,17760.0,0.80754271
2026-04-16 01:15:00,17780.0,17790.0,17790.0,17780.0,9.97927051
2026-04-16 01:20:00,17770.0,17770.0,17770.0,17770.0,46.26161269
2026-04-16 01:25:00,17810.0,17800.0,17810.0,17800.0,185.75447854
2026-04-16 01:35:00,17800.0,17800.0,17800.0,17800.0,264.77211464
2026-04-16 01:40:00,17780.0,17780.0,17780.0,17780.0,58.57654907
2026-04-16 01:45:00,17770.0,17720.0,17770.0,17720.0,54.66900226
2026-04-16 01:50:00,17670.0,17640.0,17700.0,17640.0,271.87225281
2026-04-16 01:55:00,17640.0,17640.0,17640.0,17640.0,264.77211464
2026-04-16 02:00:00,17650.0,17630.0,17650.0,17560.0,319.3202219743343
2026-04-16 02:05:00,17620.0,17610.0,17620.0,17610.0,68.94995897
2026-04-16 02:10:00,17540.0,17550.0,17550.0,17540.0,49.0629
2026-04-16 02:15:00,17530.0,17280.0,17530.0,17280.0,474.30750015
